-1.45114 -0.95101 2.41903 -1.13906 -2.6474 2.82458 0.886953 
-1.27577 -0.909005 2.09756 -1.27043 -2.62549 2.63974 0.637488 
-1.15691 -0.938241 1.78197 -1.37926 -2.31737 2.57054 0.483051 
-1.00493 -0.921221 1.52906 -1.45817 -1.92413 2.53202 0.465762 
-0.997626 -0.911673 1.53603 -1.56629 -1.85168 2.37996 0.7433 
-0.997626 -0.911673 1.53603 -1.56629 -1.85168 2.37996 0.7433 
-0.846454 -0.898561 1.2417 -1.7087 -1.58644 2.23175 0.695416 
-0.695283 -0.885449 0.947362 -1.85111 -1.32119 2.08355 0.647531 
-0.544111 -0.872336 0.653027 -1.99352 -1.05595 1.93534 0.599647 
-0.39294 -0.859224 0.358692 -2.13593 -0.790709 1.78713 0.551763 
-0.241768 -0.846112 0.0643579 -2.27834 -0.525467 1.63893 0.503878 
-0.0905969 -0.832999 -0.229977 -2.42075 -0.260225 1.49072 0.455994 
0 -0.785 0 -2.356 0 1.571 0.785 
cost: 5.18567
time (us): 772.324
